$ loc
--------------------------------------------------------------------------------
 Language             Files        Lines        Blank      Comment         Code
--------------------------------------------------------------------------------
 Lua                      2       387088        24193       193544       169351
 Rust                     4         1172          111           31         1030
 C                        4          700           75          155          470
 Markdown                 2          249           39            0          210
 Bourne Shell             4          228           41           27          160
 Ada                      2           53           12            9           32
 Toml                     1           26            4            2           20
 Gherkin                  1           12            2            2            8
 OCaml                    1           13            4            6            3
 Ruby                     1            4            0            2            2
 Handlebars               1            4            0            2            2
--------------------------------------------------------------------------------
 Total                   23       389549        24481       193780       171288
--------------------------------------------------------------------------------